Webots Project File version R2022a
perspectives: 000000ff00000000fd000000030000000000000320000003acfc0100000003fc00000000ffffffff0000000000fffffffc0200000001fb00000012005300630065006e006500540072006500650100000019000003f10000000000000000fb0000001a0044006f00630075006d0065006e0074006100740069006f006e0000000000ffffffff0000000000000000fb0000001e00480074006d006c0052006f0062006f007400570069006e0064006f0077000000000000000320000000000000000000000001000001ca000002a7fc0200000001fb0000001400540065007800740045006400690074006f0072010000001a000002a70000003e00ffffff0000000300000780000000fffc0100000002fb0000000e0043006f006e0073006f006c00650100000000000007800000000000000000fb0000001a0043006f006e0073006f006c00650041006c006c0041006c006c0100000000000007800000005400ffffff000005b0000002a700000004000000040000000100000008fc00000000
simulationViewPerspectives: 000000ff00000001000000020000016c0000043f0100000006010000000101
sceneTreePerspectives: 000000ff000000010000000200000153000000fc0100000006010000000201
maximizedDockId: -1
centralWidgetVisible: 1
orthographicViewHeight: 1
textFiles: -1
consoles: Console:All:All
renderingDevicePerspectives: NAO:CameraBottom;1;0.3875;0;0.259259
renderingDevicePerspectives: NAO:CameraTop;1;0.566667;0.00736648;0.0016103
