Webots Project File version R2022a
perspectives: 000000ff00000000fd00000003000000000000000000000000fc0100000002fc00000000ffffffff0000000000fffffffc0200000001fb00000012005300630065006e006500540072006500650100000019000003f10000000000000000fb0000001a0044006f00630075006d0065006e0074006100740069006f006e0000000000ffffffff000000000000000000000001000001ca0000030dfc0200000001fb0000001400540065007800740045006400690074006f0072010000001a0000030d000000a900ffffff0000000300000781000000d9fc0100000002fb0000000e0043006f006e0073006f006c006501000000000000073f0000000000000000fb0000001a0043006f006e0073006f006c00650041006c006c0041006c006c0100000000000007810000005400ffffff000005b10000030d00000004000000040000000100000008fc00000000
simulationViewPerspectives: 000000ff00000001000000020000016c000004a00100000006010000000101
sceneTreePerspectives: 000000ff0000000100000002000000c0000001120100000006010000000201
maximizedDockId: -1
centralWidgetVisible: 1
orthographicViewHeight: 1
textFiles: 0 "../../Program Files/Webots/projects/robots/softbank/nao/controllers/nao_demo/nao_demo.c"
consoles: Console:All:All
renderingDevicePerspectives: NAO:CameraBottom;1;1;0;0.831259
renderingDevicePerspectives: NAO:CameraTop;1;2.93333;0.0662373;0.125864
